Centroid 1:-239.46377229420472 534.8339016258865 328.649702569511 -269.2449876588797 -46.33135250918225 253.47744594637732 121.11816574703035 -61.93863928569747 -19.44927881903092 -363.91368990575825 27.50152917676718 -70.1016875593724 -44.12926936248236 35.79508011472585 22.384728878042296 50.84717447254214 15.29275270283908 -11.20259644731331 37.760223113610145 -62.922233922307534 -23.14476722580192 28.29304462662593 -67.60737974265398 40.3409998425002 0.5584824813166228,6345	
Centroid 2:102.91870830949439 -175.81993513445437 556.1478236495188 -114.1182142290457 -68.28268447980166 -267.6945044656589 -123.40970295445133 274.74443075422124 94.54543476039619 46.321783361799994 74.39164532069138 -16.372595248298047 -24.087907240825672 -38.752843724623844 75.4164261364609 67.22543158149948 102.27399000916625 14.728620165504203 -65.16134574813994 64.43256440421949 19.23808796443441 36.42259825087988 28.892629188895402 36.070663194230015 -7.087776441223811,5836	
Centroid 3:126.57502005219408 589.0192887423353 -357.45162308802526 381.9732772735958 2.925554782841949 81.5133438774273 -296.50152588538606 146.39772108599757 177.59401446778628 134.97779820742304 75.95565312802354 -89.6080053204621 11.419834626100423 88.88023424540798 -58.76396202596262 -30.76691390741825 -5.250645425494621 -91.20408946789358 13.27867762692413 -69.46873999932525 -22.691672448426974 15.689112079925726 -30.79963700803723 72.50725838869188 28.987210180433348,5327	
Centroid 4:266.526327142551 -71.92990969151327 237.25777039731167 612.4615408591573 285.28302497186814 -101.65542043911273 174.9431391814371 -2.690019448251032 -144.7579743238574 -29.351935563543467 -45.677488730694435 7.822879944513808 -2.7258294691995513 14.539365626376908 78.70889610566579 -28.87797067548546 -8.171750358006966 62.2298538025495 40.416563123405986 -15.158308253134006 -7.11088639778404 -9.713211154810931 17.022606084454946 -6.388593304013309 -31.282838154736382,7845	
Centroid 5:235.35967065102093 -448.6550914814227 -640.0102603893896 -148.48844916216598 95.33811747207464 -103.18103233809492 -62.01207354016083 117.8148304712995 15.187702396586863 -228.70344136354024 70.78717642970517 -51.411310789899716 -24.6513086693389 -0.5615752550565198 39.912691802087515 9.737022745752055 -57.47146686718142 -14.131312743559526 13.292313267319177 42.34646565391203 12.921605513596294 12.962986323916613 -13.170583152234533 -37.37639784942441 -34.453056021150765,7277	
Centroid 6:-719.1491792840598 -517.1664025594571 213.23606459040172 145.90973442311403 -69.78924721287233 377.3289494985782 -197.80247132387177 -26.2040532183881 235.13023015847057 18.282200435841478 -223.00216319668573 -93.12670567386616 52.59394467759491 86.20018858691304 -122.27879742960059 12.905419785841941 13.17140786578734 39.75588704661091 -13.075172771663405 41.61752642765034 25.104483580427043 -21.660142774247976 30.367080131000417 -59.74489765467804 40.25358295835284,4483	
Centroid 7:-245.3942738835189 635.3417716092815 -224.5363419220313 -192.27804078387112 28.906968279095544 -100.36222658534614 39.35009403530131 59.561592146452575 -57.21171977227472 165.89240760312407 -140.83328504817246 128.40685244775707 -43.51796517148931 -101.62808542518339 28.661568308622883 -41.70759553039877 0.9286549909969867 17.414360025420677 -11.712352289101513 95.17520934143363 60.15939543092206 -15.229481044280082 63.76695940556808 -78.34610642740708 22.107893528357028,6831	
Centroid 8:74.91488338262452 -223.33165707554144 36.39476577913106 -465.45341403222324 411.87337503788603 149.72659972444134 -79.28482371137312 -205.11332015310916 -165.5398701991409 149.90668345896853 33.31468324516166 -11.099240437009673 166.37258882203895 -20.582603285791972 -39.44128811917913 29.274829065231636 26.610883449244444 20.413083710424672 -6.742614885557298 15.825596988548694 -19.43683754242562 -42.85968453420619 -58.93940641154828 15.925701886377626 15.41312715180118,5759	
Centroid 9:-753.1435624723263 -253.15851343730844 -65.89473209876003 60.82901549565241 -283.45448336914836 -245.79518122099594 225.91411423256898 -156.84345562975338 -57.09615064018232 99.67266130008612 195.97850665789304 129.86332836045017 1.5066931063154094 3.980540563900773 -89.31855809717011 -50.050657215461946 -85.91796305835071 -65.64175573052592 -24.96317310519306 -73.42485571072869 -21.721482449489795 16.760775377501634 51.929051995923636 37.05620239375961 -28.026521048451965,5768	
Centroid 0:1162.66224829 -210.299475387 25.7503324776 -87.5783142601 -636.707236268 136.901331828 84.4481002552 -227.994719718 59.9707957012 124.223699682 -117.336139606 41.2257287851 -76.1956807135 -39.972899806 -18.1328927865 -10.8528586459 20.7225473415 10.7984086183 -4.85586526669 -66.5776781322 -37.2797029083 -31.5233687423 -32.0770117733 -7.37783928581 26.8579641488,4519	
